2.264886
6.431777
-0.3239515
-0.4325204
5.154331
4.078078
2.187647
5.300627
-1.959951
12.99095
7.47746
2.09554
4.26225
0.2764049
1.010554
-0.7452509
9.041239
3.302036
7.661959
3.380932
2.027443
11.82631
1.311805
6.935243
5.945401
6.284927
6.387388
6.813531
7.62661
3.512041
17.124
3.510335
-0.329066
8.30205
6.430306
3.478537
2.909725
1.983938
-3.320843
9.719213
1.138336
7.964308
4.478057
4.213445
1.034984
13.05441
7.124033
-0.7678678
2.420535
3.204705
4.725852
7.05555
13.2357
2.835059
-2.924552
-1.750647
10.97648
4.160267
2.850608
6.177248
5.637494
7.175029
6.204763
12.07057
2.894304
0.9103508
13.49649
4.940183
3.362527
-0.0006151199
11.82617
8.12014
5.327098
13.2864
13.05632
14.09017
-1.86225
13.5835
-1.562095
9.464594
0.7670231
-0.349791
3.674683
2.176366
1.095715
1.863689
1.444468
13.36183
11.54388
6.278877
5.196257
10.14543
1.711742
3.870282
-1.02942
11.02427
22.56267
2.360705
4.082912
-2.643109
5.666376
5.850097
3.003561
4.923258
7.00303
4.770273
7.536629
17.53424
3.140048
2.130506
3.699426
9.184399
6.369186
11.15121
4.685289
5.681618
10.31373
1.596638
-1.102719
5.053677
7.063441
4.495393
-0.5859385
7.27064
9.044415
5.860685
9.234901
20.42736
0.3113251
4.569267
5.747262
1.688993
-0.0372448
5.425766
7.522204
-2.142355
10.65016
0.273735
-1.122509
-2.430267
-1.423914
13.23306
2.613499
1.920918
6.404028
2.971641
15.64416
-0.5266609
5.755273
-1.274617
-1.822536
1.959241
-2.005602
14.57863
1.502738
-0.3161519
7.059227
8.623505
-0.2052495
0.1522355
6.073351
4.348072
5.600192
4.162439
1.869576
-1.518295
3.970606
0.3610148
-0.2532353
-1.836016
2.750424
-0.3162448
9.320526
10.39256
2.381236
-3.530591
-1.995858
3.637615
1.919897
4.593315
1.220316
2.904342
13.36178
2.30661
-3.749825
14.30528
5.373902
-1.437125
3.18377
0.1167893
8.913496
1.635452
11.10868
5.168256
11.26398
1.672166
0.1991301
14.05478
0.8317509
1.520566
6.683015
1.131564
4.871656
6.226797
3.510472
3.370418
7.768345
5.935802
3.77854
5.465028
6.318049
10.03027
0.8580661
6.157388
-1.203364
0.9653935
8.134193
2.032845
2.69358
2.366686
7.992253
4.92639
0.04332781
10.6648
3.774971
0.1310396
11.0201
8.447836
-2.916973
13.07305
11.52754
3.221146
-0.01446056
3.690069
8.016912
3.058638
6.161718
3.631879
3.302023
5.523047
7.317426
8.077658
4.222341
11.46046
2.337769
11.1529
4.441696
5.248616
12.7843
3.882086
8.02177
-0.5667639
-1.405573
3.035089
6.745006
4.084157
-0.9099865
-2.432084
7.746136
-0.8946457
7.939466
9.957153
8.944277
15.11513
14.51959
8.54739
-0.3162613
4.687116
6.114544
6.606152
13.08726
5.178225
-0.3891821
7.039492
12.55044
11.13552
0.5280523
11.96723
0.4395542
7.133929
4.900221
6.897488
2.630928
1.170757
0.05991745
-3.159593
-0.5338581
4.143169
15.8564
21.57486
13.42478
1.233452
7.357781
10.46264
4.47753
0.8673286
2.45186
15.73853
2.688815
2.670705
1.239976
4.208795
4.986923
6.948219
-1.513381
-1.277936
10.49725
-0.40992
5.938917
0.9247837
10.95994
1.459661
7.941296
11.37318
6.746579
7.581968
-0.8726904
5.052964
7.403996
7.809429
5.121442
11.85942
1.27598
12.25034
11.64607
3.383312
1.344498
11.64515
13.50051
0.6310492
5.985069
6.089094
1.380625
5.588009
4.447221
1.269586
5.096413
11.18748
8.117449
3.397715
-1.382142
7.509428
16.34402
3.145015
0.6595349
2.636528
-0.5586371
1.438711
7.398351
4.970592
15.92741
0.9508915
4.48398
4.121651
-0.9543598
4.740389
15.68225
9.542162
3.203538
7.99388
2.965129
11.05739
0.871738
3.921931
2.372468
6.197294
3.924057
-0.3064041
2.13668
2.076992
0.2668123
3.280897
6.839636
5.915159
9.78425
1.019956
0.6394262
7.506935
8.335131
1.99819
0.5964432
4.247862
2.067204
1.604394
6.43596
-1.654029
5.538053
-2.153176
9.547237
8.445744
0.8840508
5.291808
6.464269
5.381644
4.729668
4.666444
1.315279
3.769521
14.3823
0.7928329
8.391846
10.14211
2.520249
2.810036
1.409143
8.663435
3.678549
4.031395
12.35425
5.736801
9.043804
8.24362
15.25135
1.727423
2.094058
13.9236
5.231189
6.392377
8.612965
6.575084
3.573228
0.1626096
5.356045
2.071976
2.000381
-2.438613
5.065176
2.646756
11.63924
13.31408
4.20416
2.787714
9.327547
7.897875
12.86911
9.873802
10.08076
2.115349
0.4620533
11.81986
1.771381
7.216987
0.1084557
2.853191
7.553877
3.848155
15.26773
21.89885
3.417769
5.993503
5.778809
-0.551019
4.213234
17.35449
6.857917
0.4291573
4.188829
3.228536
5.072623
8.036079
4.013404
0.6897492
-0.3766613
3.177243
8.752714
5.144958
5.885106
4.54494
8.326385
4.661519
1.237346
9.572905
0.3965554
8.965326
2.125871
9.353954
6.908111
0.03446674
6.705566
0.368474
14.44976
12.60628
5.625968
3.356688
8.218204
-0.06837749
1.837484
13.46973
-0.6183724
22.1152
4.602869
5.412664
0.3866239
7.327237
0.4534068
6.055489
6.141166
4.455699
4.193507
0.01022005
3.404308
8.454931
5.327331
6.725659
2.889819
9.135609
14.55315
1.271312
2.032199
0.2320852
-1.616622
-1.865069
6.802628
8.17247
-2.100898
-2.168123
-0.1237309
5.844094
15.47264
7.897818
1.417791
6.903117
2.984066
-0.3977115
5.885276
