1.390782
1.812143
-1.890725
0.1833725
7.820052
-3.239366
-1.648456
-2.421646
-0.003189087
-1.293095
-1.223065
-3.970987
-3.135716
-3.677494
0.3164878
-0.240824
2.460039
-0.8202837
-3.563293
2.301503
-3.487713
0.4071522
-3.269506
-3.15962
-3.91951
-3.405122
-2.056892
-3.501958
-2.266745
-2.410521
-3.386378
-1.364842
-0.002120972
-2.702164
-4.000344
7.515369
11.67132
-1.246438
10.66422
2.503102
-2.145519
-2.522051
-2.910838
-0.6367209
-3.303032
-1.588899
0.922061
-1.383225
-3.18166
-3.635175
1.912216
-2.567938
-3.678572
0.08653116
1.341185
-1.8241
-3.545775
-1.095498
-3.269034
-2.260321
-3.272869
-0.5988779
-2.597744
-3.876422
-2.713182
-0.5457947
-0.695636
-1.587284
-0.5928681
-1.083944
-3.656306
-2.478927
-0.3516598
-1.024146
0.7816877
-3.704674
-3.401829
-3.246387
0.8927302
-3.247241
-2.310221
-2.757722
-2.232264
-2.891981
-4.000311
-2.385735
-2.243814
-1.324197
-3.492592
-2.433523
2.753251
0.4694943
-3.816111
-1.933534
1.619775
-3.737577
-1.329919
-3.210724
4.114825
3.217177
-3.599298
-3.204448
-0.02536631
-2.502307
-3.985636
-3.606182
-3.305697
-2.157061
0.2418022
1.255042
-2.936641
-4.000492
-0.3989732
1.18815
-2.205658
-1.672454
0.5592709
-3.665044
1.72246
-3.316698
0.7110782
0.06021309
-1.110109
0.512063
-0.207145
0.5379844
-2.325675
-1.389217
-3.072788
-3.728945
0.5007033
-3.366171
-3.002619
-2.572134
-2.703855
-2.346665
-2.509461
-2.352354
-3.583106
-3.964146
-0.3818445
-2.597944
4.806524
-4.015207
-3.063082
-2.499559
-3.766629
-2.444339
-0.4706922
-2.69187
-0.2676737
-0.9455986
-1.883088
-3.540818
-2.25816
2.969935
-1.94439
5.0926
-3.546255
-2.077527
1.30296
-3.742486
-3.123127
-1.869416
-0.2884119
-3.75183
-0.2146618
-0.7129066
-3.575287
-2.940246
0.7394094
-3.949525
-1.033447
-2.141575
-3.018534
0.5710125
-2.651404
-3.27652
1.739905
-2.485182
-3.356049
-3.356645
-3.971284
-3.244746
-2.922415
-2.097499
-2.902052
-3.818131
-2.976929
-2.520387
-2.744018
-1.582227
-3.934842
6.037626
-1.867849
-2.144412
-1.253226
-0.5823281
0.739491
-3.025111
-2.738609
-1.723626
0.4545927
-3.255828
-2.050477
-0.9439106
-2.115
-1.215033
-3.712368
-4.000618
-0.7442138
-3.549833
-2.562421
-1.557773
-3.560696
2.228463
-3.12193
-2.63256
-3.117916
-2.184362
-0.9108875
-1.268875
-2.604994
1.075809
-0.8348293
6.337561
2.36522
-0.893764
0.6812263
-2.465818
-3.143422
2.789943
0.537653
-0.8363619
-2.900249
-2.684096
-3.970351
1.734049
-2.739036
-2.873279
-3.332528
-2.892136
-2.041299
-2.444661
-2.852773
-2.496799
-2.070377
-1.58755
-3.114105
-2.1565
-2.562498
0.4889627
-2.668577
-3.839072
0.7363644
-3.832499
-3.685125
0.1039486
-3.744659
-2.691909
-2.632027
-3.664601
-2.964312
-2.511755
-3.3121
-3.146818
-1.448388
0.8891435
-1.138141
-2.750998
-0.6963768
2.538423
0.6938624
-2.475621
-2.257268
-2.919526
-3.633297
3.890645
-0.4031196
0.3479733
5.259625
1.934825
-3.86916
-0.8478575
-3.737551
-2.827588
-3.548717
2.895266
-0.6422243
-3.779682
-3.942263
-3.307077
-2.290692
-3.101252
-1.127641
-1.118228
0.8742328
-3.956851
-3.445489
2.373745
-2.345097
-2.75777
0.8018026
0.5163121
5.494373
-3.891202
-2.43476
-3.576799
-3.810522
-1.193119
-0.6444609
-2.700005
-3.618688
-2.523399
-1.82444
0.2235832
-0.9779291
1.499198
3.110847
-0.3958106
-3.777861
-2.851782
-3.611912
-3.362444
-3.852099
-2.269375
-2.889177
-3.259468
-3.238181
-2.40401
-2.035036
-3.715152
2.98753
-2.09849
0.3149395
-3.75815
-0.1247604
-1.87951
1.652304
-1.408638
-3.532897
-2.632876
-3.241151
-2.646508
-0.7673409
-4.000618
-0.8967636
2.363351
-1.210119
-1.139602
-2.826234
-0.6323621
-1.722091
-1.254214
-3.993324
-2.54066
-3.436827
1.000433
-3.389064
1.29987
-3.407221
-3.030793
-1.938342
-2.086157
-0.5424211
3.845503
-2.807819
-1.932329
-0.5304718
-1.836687
-2.308402
-1.937043
-2.590515
-0.5170064
5.17715
0.01912165
-2.819036
-3.628069
-3.559317
0.6445427
-3.131476
-1.530048
1.283663
-2.626409
-0.6209648
-2.418287
-2.293157
-3.445512
-3.628127
-2.987015
-2.333055
-2.158561
0.2767763
-3.876425
-1.930322
-2.70679
0.148036
-1.478747
-1.17457
-3.81071
-1.895004
-2.161996
-2.505656
-2.053196
-2.193159
-0.01535726
-3.766727
-2.93566
-2.608289
-1.272094
-2.018589
-1.955854
-3.328139
-3.421361
2.596562
-2.064952
2.51841
-2.615751
-3.638545
-2.105347
-2.211379
-1.701936
1.363724
2.617162
-3.258905
-3.553994
-2.307822
-3.27166
-2.286802
-3.008264
-3.635551
-1.30122
-3.214737
-2.741487
-2.739938
-3.039895
-3.189988
-1.558393
-2.955615
1.768596
0.05763245
-0.727715
-1.671284
-3.576688
-3.068355
-3.269301
-2.83204
4.923297
-3.869319
-0.6344104
-2.717976
-2.279534
-2.433321
-0.8057051
-2.669176
-3.684372
-2.938894
-2.601676
-1.694561
-1.230637
-2.223621
-2.792371
-2.098925
-0.3062115
-2.792451
-0.06377912
-3.612284
-2.81826
1.313614
-0.795789
-2.481651
3.111407
0.9255409
-2.673592
-3.253124
-3.781002
-0.3087478
-2.419949
-3.079253
1.314178
-0.9270153
0.02071238
-3.273914
-3.199286
-3.40494
2.393394
-3.816374
5.061646
-1.925315
0.001802921
-2.273174
-3.508464
-1.503958
-2.609581
-2.710814
-3.052161
-3.597134
-2.158064
0.5787206
0.6453152
0.242775
-1.251113
1.655518
-1.081936
-2.199131
-1.886546
-2.493334
-2.47406
-1.193772
-2.515645
-3.097046
-0.8661585
-2.459036
-2.409358
-0.9006145
-1.596191
-3.898369
2.544572
1.449336
-3.772851
-3.765539
-0.9417012
-3.837088
-0.8804693
-3.678373
