15.54804
-14.16674
12.29974
-14.43166
-19.94076
41.39499
24.1358
8.765664
-12.4154
37.26146
-27.86837
-16.24219
22.35308
35.61357
-37.51468
-38.92994
-16.73271
-2.766566
24.19923
-33.84489
20.32893
-10.27245
19.12307
21.24612
52.6296
-22.38765
20.12463
16.84859
-26.69005
-15.36439
29.37591
-9.439213
-19.97173
-12.26861
14.81753
3.767793
-24.06148
-2.810074
-41.92817
-16.36628
-0.1843968
8.00605
50.98929
-19.46979
5.752636
-41.84602
-25.98116
11.0452
24.34165
8.056585
-18.56363
0.4573198
19.32121
-32.95427
14.17319
7.598107
-5.846748
-6.934461
24.33945
-19.34944
45.71307
-3.231306
36.30236
18.61547
-8.748189
-22.47787
-9.377735
13.31602
12.77838
-6.240251
21.1877
37.57145
18.96566
8.846722
13.39649
35.14564
8.709695
56.95211
14.25414
20.79298
3.092189
31.59941
-8.347046
29.30538
30.26293
-3.707335
1.214706
27.39601
13.65192
-13.35354
-28.48025
-13.43722
47.70124
-9.519168
-11.62644
-1.699286
6.11863
27.2821
-39.86426
41.87735
10.18532
-12.83072
-3.47241
7.556772
39.96837
2.507904
36.21058
23.5369
-7.681448
13.54168
15.07209
53.73392
-28.15078
-10.05072
-23.52042
19.74216
-1.017248
17.7216
0.5799062
-7.292897
-19.12701
28.80048
24.13857
-20.3586
-8.735914
-33.14587
10.08718
36.57619
47.04322
56.12906
-24.96649
31.26629
-5.405249
3.862099
-4.39358
-14.93771
-20.38542
44.36043
1.804122
20.65642
-34.60576
25.6463
-27.54318
37.49101
7.77847
-22.23294
36.90037
-17.35374
-5.768208
-17.01703
-9.773526
-21.01248
14.18968
43.74322
4.970735
-17.27959
2.182804
-20.58554
-19.53449
3.454797
-33.65189
22.2549
32.07694
-12.89813
-2.370642
2.42226
-30.14272
-12.48063
-1.622235
17.21229
-14.38278
25.24704
6.485493
-25.14193
-6.198688
16.16451
16.91476
11.62392
11.18293
0.4585266
1.895634
-2.57819
11.51787
-7.577488
28.24998
4.91311
-9.288049
14.19157
34.83262
32.61153
-5.614086
-16.18147
16.74033
-27.63511
-1.476243
0.05722445
-22.34052
-10.55935
13.13505
12.00012
-12.42367
-5.934964
-11.97261
18.53014
11.251
41.708
36.08211
-10.74046
24.78276
45.15513
1.26813
27.6154
8.927311
7.398174
22.36558
-24.51645
46.95838
9.818509
-12.18268
-0.9917594
32.21587
-0.7305875
17.02016
14.6348
4.74625
-42.41396
-11.07076
6.653435
-19.95495
6.016105
-2.938094
3.527717
-15.07042
-21.7977
35.14471
-6.487748
22.20713
-1.614201
-1.221023
6.313778
43.35585
42.36825
23.50602
-7.961977
-10.56698
7.475611
-16.3222
-4.278697
-19.38085
34.4638
-2.486553
-9.649547
-18.16806
7.693716
-32.88426
21.75272
26.28688
-18.29263
25.5328
-7.848039
-15.46384
0.8507189
21.04262
39.60112
-2.582934
8.613866
7.563751
-7.567957
-3.014945
13.76871
1.554308
-13.20834
0.3489878
-18.59251
26.70936
-12.49877
17.35541
-14.35952
-17.70266
-45.69115
-17.12164
-31.50128
42.7956
1.520806
9.64121
-14.92342
10.06738
-6.589046
-23.20698
38.62019
10.8918
20.83627
12.94075
-7.239134
-13.72322
15.45421
-30.86795
15.76842
4.105382
15.00849
17.99211
13.23458
-10.30679
22.05055
-44.36685
6.971038
22.02109
30.23453
5.304668
18.38715
25.5842
5.732231
10.48185
-3.99354
-0.4462445
-8.950853
18.51756
-21.47215
8.168165
-15.95264
25.59062
18.41469
14.28825
38.83579
20.79208
33.30563
-4.133449
29.21035
23.90057
13.21368
-5.77629
18.55898
36.23457
12.75219
-12.42313
29.47095
2.133228
21.39358
-17.67178
4.380891
13.07348
3.407751
24.23369
21.68409
17.72352
13.41019
12.27347
-29.7264
5.452412
9.251879
11.81469
-14.43399
22.96027
-3.487581
-6.727203
18.03342
-8.924104
39.04163
31.25155
-22.49755
7.417538
21.70103
16.33004
-5.871243
14.05865
-2.187908
-10.06535
26.22635
-2.624125
0.810328
-17.41442
-20.63116
14.64392
-9.345142
-2.828617
3.799378
28.21982
32.66661
-11.14803
-21.68492
22.76512
-19.6933
17.63046
7.541559
1.562218
-6.496437
7.074019
9.601963
-11.12387
10.78617
36.96855
24.65553
17.83328
1.421329
8.080557
-4.839052
-3.969272
12.45138
0.1723561
20.17924
6.809978
7.736783
17.92051
0.8120727
19.8038
-2.692914
30.72122
2.333231
-2.168978
-2.41555
2.071066
-5.456473
24.91813
6.088666
-34.82329
-10.65646
-33.08493
-15.84291
0.4050812
2.970885
15.51815
15.18673
-19.34377
-41.03394
20.28808
36.75365
-4.491471
-2.528172
6.957315
37.00519
26.25102
-9.657705
14.7113
11.8179
-20.49097
-7.279394
11.51162
-14.38259
-12.73482
-19.27463
45.08093
25.29804
-37.29111
37.51841
74.20644
30.4178
4.804702
-12.6126
35.62328
-15.77522
5.677054
8.462901
-13.31178
-23.09893
-15.95584
28.49945
4.333817
13.0028
0.8645664
33.81304
10.95457
10.36282
-28.98745
6.149836
38.43578
1.658626
23.93614
3.412654
-16.85318
-2.821714
29.65057
-22.8362
-8.001809
8.857169
17.21356
29.27418
0.9499617
1.422053
-14.33793
-23.01268
-14.63658
-13.97361
9.140533
9.984522
4.751181
1.360594
7.089666
-49.46201
-11.1281
-7.885554
3.602568
20.24132
0.7612273
26.3638
1.582389
6.612775
35.64444
8.722287
8.557214
-18.89712
44.76379
2.65113
-33.346
0.2048026
1.435301
3.970948
21.14326
-7.064095
-25.88184
-11.46234
-12.4637
0.9801945
10.29749
3.659841
-0.3776827
-8.027815
39.25096
-12.16757
-3.908117
-8.451151
41.842
2.263372
49.0565
-26.17875
31.25287
