28.55387
-10.33927
1.143992
37.12735
-22.96803
-4.825763
-5.937819
-8.066475
9.264602
-10.09121
-5.713556
6.949461
-7.279663
18.08696
30.23478
-28.2521
6.267746
2.940977
-32.06273
2.763828
18.01106
12.82402
-0.3814825
-40.83493
4.91902
11.31784
-17.37882
-17.32504
-14.04781
-2.300481
-43.42416
35.40826
35.47883
-10.51532
2.349609
-16.24414
-16.72244
11.14719
21.20017
12.76275
0.7036648
-28.23536
-11.51926
1.132117
-1.160667
-7.777332
-3.910082
0.5571281
16.00816
-21.87912
-25.92728
-3.176722
-11.84437
5.035627
-10.64225
25.37646
-42.63181
1.46763
-25.2838
-0.3334507
-10.72983
-1.940521
-10.48966
-28.42187
11.56006
18.38278
-35.79486
-21.64434
33.26394
3.159123
-15.86494
-2.188528
30.90875
-14.31702
-13.45215
3.780517
-1.197638
-24.76453
22.6227
-28.05585
-20.24069
-2.57841
1.345871
-24.68976
6.397022
40.13288
40.72109
-14.67669
-34.60228
10.68809
8.23301
-12.33523
32.22861
-15.97574
-6.164531
-27.2886
-39.63661
-24.91621
-13.50004
10.32027
20.78136
1.079086
26.43577
-16.19882
-12.58643
30.57673
0.7360493
-23.51761
-13.24632
-24.15446
30.02622
1.905827
37.06272
-28.41633
-5.678061
-10.01903
-49.8517
-5.20366
43.98311
-22.41354
0.7958736
-24.19776
-27.44551
24.72824
-19.35688
22.93802
-31.04521
-40.8721
43.3607
6.403704
3.270434
-2.170833
22.10995
0.6697702
-8.716516
27.4609
18.41563
-4.579335
16.63013
27.33684
-4.668103
-16.03151
22.11987
33.47985
-18.33274
6.18393
-57.4258
23.07774
3.467858
4.109858
24.14784
13.04371
9.859343
-8.350846
-20.29508
14.87087
11.24764
-10.85843
5.542848
11.2788
-20.42949
35.94181
10.04418
-6.183226
-8.991087
41.77767
-15.64687
5.543875
-23.28092
23.07586
-9.18711
22.57516
-16.2932
-14.56812
17.48825
19.25321
-2.522227
-5.69935
-26.20509
-19.90259
11.45556
-4.871636
-28.26187
24.85624
22.87393
-26.64096
-4.770538
4.065342
2.754049
5.519298
-29.6615
25.92777
-48.11847
-19.13138
-39.96595
-3.404365
2.75947
-43.15327
20.07598
9.965585
2.507987
13.02503
-10.03904
-15.87316
14.37016
3.518807
-14.136
-2.750098
-28.10595
16.50124
-18.58275
-10.40779
31.57403
-19.45792
49.93905
50.35591
5.550468
-8.094604
-1.262221
11.04623
8.112404
-12.19563
5.814226
-38.64575
-26.24674
16.93167
-37.72082
-20.14307
13.33333
13.01664
-33.38914
-7.582336
38.54403
-2.162006
-19.38277
-25.47302
-2.128745
4.085273
-16.67349
-14.10412
-5.904628
-24.6645
-12.82021
-17.39217
0.696948
-8.749651
-46.06381
-22.64108
-2.502049
4.712183
-1.942176
9.296049
-2.202238
-2.136855
-24.94509
-15.75038
4.638918
17.66344
5.042751
23.16347
-18.4415
-24.47443
6.067591
-3.609954
-41.39916
-29.95085
23.94181
21.68164
-4.786758
-10.3279
7.598998
3.942529
16.80895
-20.36497
-42.95122
17.73396
5.096024
-29.40588
32.86077
-15.20331
6.672172
-13.83441
-26.46852
11.46274
3.753636
32.34074
-7.548276
-14.89431
-42.64937
-40.30461
-11.38119
-5.45248
-0.1508124
-11.16455
1.65102
2.063177
4.725451
-32.376
-17.89904
-10.65231
2.547688
-7.769594
-18.62935
-11.16768
19.2797
38.59394
-8.558083
30.09725
-3.90462
15.62692
-6.422827
20.6159
-31.31721
-5.426881
-2.466099
-7.800166
24.17707
-2.494946
-6.283152
-25.75153
-7.584984
-17.81866
17.82093
5.805551
-20.46013
10.11346
27.98896
-55.38988
-26.75173
36.92055
18.23532
16.44
-13.19832
-16.58033
23.48672
18.56398
-21.79312
-1.181894
-9.144361
11.11212
18.36576
-4.478375
-38.77868
13.68011
5.563364
-6.456204
21.10084
6.637139
-46.5041
-25.02698
-6.601597
-15.49642
6.56233
-8.660959
41.10714
11.18145
1.300156
-13.93593
-18.17578
-9.509824
-41.64721
-24.303
-17.08928
-6.306372
-5.395249
-36.14317
-18.14718
-6.61712
8.396457
9.651541
2.057887
5.759463
32.05528
-20.70714
-33.06597
-15.30897
5.410373
-19.41885
-9.123762
6.717025
11.86005
9.15556
-0.8874134
0.6846452
-9.945254
1.800584
-7.090487
-3.935102
-29.80092
-24.36572
2.428736
16.2728
9.311648
-22.63506
4.535407
-8.036311
-19.90795
-28.54999
-30.5725
9.131892
-24.63866
-14.71241
19.34569
-13.67842
9.857046
-21.18314
6.131946
-25.47189
-11.73312
-1.599981
1.209885
5.165724
-34.33699
35.06701
-31.9365
-19.51758
-30.10989
-3.427391
-16.52873
-22.85413
-18.68262
10.43932
-12.36823
-6.164676
-17.66258
2.18799
-7.116051
21.36693
-18.44152
-40.93886
-11.40229
-19.52977
-9.237376
-37.02449
-17.46718
-19.41547
-23.12188
-10.07314
24.35685
-27.43707
10.56677
4.34139
6.733948
13.38034
29.58462
-13.10566
-40.63659
-36.09795
-18.37835
-19.45011
-4.375077
11.65053
-14.64915
-39.66093
-20.1878
1.594816
-21.81094
-14.81627
32.2834
0.7504209
13.19045
10.00229
-33.01072
31.3192
-33.04329
-1.542881
10.23293
-6.324853
32.3549
10.66466
0.5492043
5.71988
29.74244
-11.1706
27.55974
-4.629229
-17.4947
12.64192
-20.15189
5.572274
-28.79508
-7.353983
-6.825708
-8.232989
3.985209
0.4058674
-17.96826
-32.35229
-0.2281944
-50.63748
9.491335
14.24638
-0.7220363
-5.426585
-11.18109
-11.9726
-32.44359
-23.56239
26.12015
2.585727
-6.145683
19.06375
-13.45115
1.379407
1.617946
11.44397
-16.3625
41.92003
-26.58875
42.85764
40.71659
12.17989
11.66416
-18.1816
-0.9413277
1.583292
-4.85832
-1.1342
-21.67925
-10.4345
-15.30248
32.19588
31.36925
7.673627
11.66235
