-0.494278
-0.2444801
-0.6803665
-0.1408653
0.1888199
-0.3587933
-0.6226692
-0.5044556
-0.7350483
-0.6838589
0.0297966
-0.5887222
-0.5233936
-0.8350506
-0.242815
-0.05004501
0.1554432
-0.7669735
-0.6815758
0.04663086
-0.4094543
-0.1542301
-0.4701099
-0.6349754
-1.181704
-0.288908
-0.4877834
-0.5660496
-0.2851791
-0.6321716
-0.816349
-0.2018528
-0.03072166
-0.6260872
-0.92519
0.1788521
0.5335426
-0.1397152
0.4943275
-0.3408184
-0.1603985
-0.879406
-1.112
-0.06414986
-0.5969543
-0.4804897
-0.2332401
-0.8141727
-0.5520248
-0.5322876
-0.04620743
-0.159811
-0.9096909
0.01017761
-0.3615112
-0.4068699
-1.03829
-0.5186558
-1.026249
-0.4153156
-0.9463882
-0.3412056
-0.6278572
-0.5692577
-0.2991829
-0.2068462
-0.3238201
-0.6663628
-0.1237717
-0.4162674
-0.8576584
-0.8700695
-0.6101246
-0.370657
-0.1626167
-1.212996
-0.613451
-1.176308
-0.7192345
-0.8885059
-0.6546497
-1.002888
-0.5496311
-0.5731392
-0.845089
-0.3667831
-0.6798763
-0.5637627
-0.3665943
-0.4761105
-0.1656265
0.2821426
-1.038576
-0.3173218
-0.3272362
-0.3448734
-0.6799088
-0.9746723
0.1739254
-0.4366207
-0.657856
-0.7785625
-0.06835175
-0.1634827
-0.9568501
-0.6602211
-1.137421
-0.2068176
-0.1507339
-0.3198147
-0.5433636
-1.094952
-0.2551556
-0.354187
-0.05634689
-0.4441109
-0.5904312
-1.022785
-0.007493973
-0.6696644
-0.06552124
-0.3556747
-0.6189022
0.08923531
-0.7632198
0.1288662
-0.4551144
-0.3245087
-0.6429157
-0.7857971
-0.351656
-0.6511974
-0.347826
-0.486433
-0.489666
-0.4123917
-0.2956696
-0.6733017
-0.7510357
-0.6903973
-0.2251339
-0.5858936
-0.2179699
-1.12006
-0.5514851
-0.4922791
-1.001919
-0.02222061
-0.4043522
-0.3048
-0.2643642
-0.06904411
-0.4931412
-0.6099129
-0.03017807
-0.007404327
-0.6666603
-0.02903557
-0.1251678
-0.5926514
0.2361279
-0.6831608
-0.6354141
-0.6798306
-0.3504086
-0.8087349
-0.1766872
-0.395052
-0.6435146
-0.6313477
-0.632019
-0.8895473
-0.09742355
-0.190752
-0.8634872
-0.3358974
-0.5655022
-0.8744049
-0.2580872
-0.3446426
-0.5225277
-0.4485435
-0.6822033
-0.4569969
-0.4968529
-0.5604382
-0.1840076
-0.5264874
-0.8840599
-0.2527561
-0.1480122
-0.1639347
-0.6132851
0.09270859
-0.5926762
-0.5582047
-0.2914829
-0.3831425
-0.2950706
-0.7025681
-0.4770641
-0.2756996
-0.1954708
-1.029833
-0.7930527
-0.6766853
-1.000811
-0.1587009
-0.9951935
-0.6539211
-0.1603031
-0.7276154
-1.161964
-0.8875427
-0.9078445
0.08929062
-0.4406815
-0.5774899
-0.2736835
-0.489769
-0.8393497
-0.3981285
-0.8599281
-0.4127655
-0.4271793
0.04721451
-0.1064072
-0.4316616
-0.002422333
-0.5701981
-0.4711132
-0.09091568
-0.08402252
0.1000614
-0.7900753
-0.3357506
-0.7084942
-0.4344997
-0.6062946
-0.4875298
-0.6190529
-0.6252403
-0.3457737
-0.6873684
-0.3337536
-0.789856
-0.3617611
-0.6088085
-0.4201832
-0.7394409
-0.2249794
-0.1303558
-0.545126
-0.675293
0.0288868
-1.141962
-1.002924
-0.3637791
-0.9466915
-0.1787739
-0.7278519
-0.35285
-1.092001
-0.7484493
-0.3063278
-0.9075966
-0.4849644
-0.3074112
-0.3760796
-0.2602596
-0.1105366
-0.1003189
-0.0754776
-0.4746685
-0.3969135
-0.2250233
-0.7281227
-0.1249714
-0.166954
0.05742073
0.3442097
0.126627
-1.42095
-0.2279778
-0.5261154
-0.4740582
-0.7535191
0.1168423
-0.138916
-0.5965824
-0.7375584
-0.5130653
-0.8835773
-0.1850243
-0.4299812
-0.4217606
-0.2125931
-0.9405746
-0.598835
-0.1790714
-0.661047
-0.6587257
-0.2297783
-0.4759598
0.5523891
-0.867836
-0.4331684
-0.9025688
-0.8783875
-0.4703636
-0.6905613
-0.4818439
-0.7979679
-0.2296047
-0.5340424
0.01340103
-0.7541256
-0.4754047
-0.1087646
0.1239204
-0.9574604
-0.896513
-0.7664528
-0.8149052
-0.8257961
-0.6745911
-0.5245571
-0.5510883
-0.9340363
-0.6704521
-0.5427914
-0.5628185
-0.1967297
-0.2493744
-0.05821037
-0.710865
-0.3073807
-0.6372299
0.009765625
-0.3708668
-0.4770164
-0.5762596
-0.8053398
-0.5769901
-0.5665283
-0.8987617
-0.1491909
0.04668045
-0.3187962
-0.3522167
-1.011091
-0.256525
-0.696043
-0.2738895
-0.5437164
-0.6240501
-0.328392
-0.4135456
-0.7830849
-0.392561
-0.632906
-0.4873447
-0.5960636
-0.522007
-0.3930206
-0.2788544
-0.2044983
-0.9031773
-0.5051804
-0.1835442
-0.5058231
-0.3992119
-0.4060936
-0.2091751
0.6296864
0.04891777
-1.079706
-0.6544971
-0.6358414
-0.1525021
-1.090324
-0.3818855
-0.1434841
-0.6919384
-0.11763
-0.1737213
-0.9314137
-0.7693863
-0.8662052
-0.875
-1.116333
-0.6675529
-0.5022755
-0.6421604
-0.3083973
-0.684576
-0.4139309
-0.6064472
-0.1240311
-0.5023098
-0.3368683
-0.693821
-0.2144756
-0.3818932
-0.9282627
-0.5350552
-0.9482288
-0.2093792
-0.4442616
-0.4930325
-0.2425518
-0.6278801
-0.9219112
-0.6252899
0.2028923
0.1077385
-0.1631813
-0.005775452
-0.5338268
-0.1918564
-0.7733955
-0.1138973
0.1269436
0.0907402
-0.2685318
-0.7082481
-0.9903221
-0.7580204
-0.7932625
-0.5582619
-0.6439285
-0.2052727
-0.3973579
-0.2442455
-0.7762108
-0.342802
-0.761898
-0.4409065
-0.6320457
0.1966152
-0.5309238
-0.3084106
-0.3386707
-0.8373127
-0.8456192
-0.5606918
-0.1755486
0.0645237
-0.6985378
-0.7081985
-0.6882954
-0.2762394
-0.483757
0.1084194
-0.7575436
-0.9247265
-0.6657066
-0.07056427
-0.195755
-0.6380367
-1.044302
-0.6204319
0.05547523
-0.4069328
-0.6682434
-0.1878281
-0.7924309
-0.5167656
-0.02013206
-0.4813557
-0.8727131
-0.01840019
-0.1551247
-0.9315243
-0.8522987
-1.436325
-0.3195343
-0.3417587
-0.5977917
-0.3973331
-0.2064915
-0.3076725
-0.5360031
-0.6398716
-0.8759365
-0.4251194
-1.074684
0.1503143
-0.3678665
-0.01073265
-0.3216419
-0.3476639
-0.428503
-0.6470585
-0.6785049
-0.3606148
-1.043884
-0.8508129
-0.2159405
0.3530064
-0.4023342
-0.02947426
-0.1719036
-0.454834
-0.09401703
-0.4860382
-0.6725826
-0.4961605
-0.257082
-0.1438637
-0.4453621
-0.4115448
-0.6497574
-0.7592678
-0.480732
-0.6505184
-0.7790222
0.09357643
-0.2371159
-0.1681385
-0.991045
-0.183176
-1.15757
-0.4539223
-0.94664
