0.7118626
1.375607
0.9491615
0.550642
1.367167
0.7991409
1.246653
0.8589153
0.6260033
1.168501
1.046715
0.2311325
0.8677673
0.2835522
0.5784512
0.7609444
0.8268566
0.833601
0.7719269
0.5415459
0.4922371
1.404783
0.6984844
0.989502
0.7794933
1.000702
1.332417
1.079256
0.9575233
0.7879124
2.114712
0.4472866
0.4025383
1.047503
0.7080402
0.7692757
1.209219
0.4191055
0.2739811
0.9865055
0.8529053
1.189775
0.9041672
0.542366
0.7291431
1.18395
0.8392429
0.4121265
0.8629284
0.853405
0.9173031
0.6763897
1.526915
0.5734577
0.3661118
0.7237606
0.9412575
1.087067
0.6330566
0.9395771
0.9107742
0.7673931
0.9501038
1.390856
0.9571838
0.7323284
1.441658
1.209974
0.7067528
0.7521381
1.341921
0.7046871
0.7888412
1.330173
1.154417
1.433088
0.1942902
1.159647
0.1014709
1.300777
0.5657158
0.5698814
0.6703281
0.9035034
0.886282
0.6391296
0.4690228
1.381212
1.293249
0.6510677
0.2512321
0.852562
0.6945305
0.2624664
0.2058296
1.501587
1.87907
0.9048138
0.7853985
0.4716549
0.7646942
1.076216
0.8695526
0.9455528
1.009481
0.9960423
1.164154
1.696442
1.030464
0.5673542
0.6197414
0.8612633
0.4918442
1.566219
0.9587898
1.261345
1.284994
0.5028057
0.5632973
0.595911
0.7420006
0.6935158
0.7253323
0.918993
0.9209213
0.9739132
1.144995
1.956633
0.2242031
0.7467957
0.8125362
0.8437099
0.5406971
1.100872
1.048927
0.3244953
1.072315
0.01372147
0.02527618
0.227108
0.2493458
1.394453
0.5349388
0.5469913
1.327093
0.9476147
2.047785
0.2893353
0.4421196
0.5827312
0.09776497
0.6800709
0.47295
1.441977
0.8972225
0.8030701
0.9446926
0.6278992
0.2334213
0.2279568
0.9629173
0.5712872
0.6145916
0.3447876
0.4882565
0.04739571
0.7192268
0.2876339
0.725399
0.2857094
0.5954857
0.4334869
0.8367233
1.232691
0.6112728
-0.1532154
0.445261
0.7458935
1.168123
0.7304535
0.4151745
0.4090633
1.499166
0.6105614
0.01170349
1.216911
0.942915
0.4458046
0.5307159
0.3424683
1.28212
0.6840477
1.49478
0.9809494
1.642962
1.160418
0.7410431
1.639542
0.7082729
0.662962
0.7783318
0.471405
0.6607151
0.5653553
0.3611565
1.135315
1.079861
1.01399
1.071533
0.6914234
1.38553
1.196121
0.2513618
1.046835
0.1976547
0.2729282
1.029617
0.5539188
0.8066177
0.7283134
1.002518
0.9307213
-0.09314919
1.0392
1.173073
0.547039
1.549538
0.8339767
0.9539146
1.28264
1.32128
0.4301319
0.4215775
0.7826519
1.126684
1.02722
0.8685436
0.9839554
0.9336834
0.5780296
0.8939457
1.314417
0.9179401
0.939661
0.5981216
1.343245
0.7291145
1.103151
1.267523
0.6711998
1.169102
0.5739365
0.4245949
0.5438671
0.9623852
0.6299973
0.725729
0.2957935
0.6199512
0.5949001
1.27199
0.7822475
0.798811
1.358212
1.49276
1.102289
0.8067513
0.6698132
1.004303
0.6638184
1.305288
1.058538
0.2484379
0.8442822
1.814291
1.034824
0.8520184
1.446976
0.7833595
0.7082443
0.8520412
1.155367
0.8743801
0.4464264
0.3554802
0.07744598
0.7356358
0.7278309
1.772709
2.055019
1.316446
0.8443375
0.7928867
1.500635
0.8579197
0.9907875
0.7250233
1.457153
0.8252106
0.6257057
1.221531
0.8145237
0.9339409
1.099592
0.7250862
0.2387638
1.120722
0.2890472
0.7865982
0.6823902
0.8658333
0.863596
1.271986
0.9675179
0.6852837
0.6085548
0.312254
0.9450302
1.135803
0.9593925
0.7530212
1.326002
0.549509
1.259342
1.139103
0.2433815
0.250618
1.284109
1.438608
0.6769772
0.8003769
0.7382278
0.8661003
0.777729
1.10161
0.3934536
1.316904
0.5828381
1.393185
0.75527
0.4156666
1.098337
1.43786
0.9580021
0.2909698
0.8847427
0.3902493
0.7304897
1.011587
0.4808025
1.601255
0.8197975
0.8718147
0.9370327
0.6504745
0.4651756
1.36915
0.9521008
1.188208
0.6968174
1.267536
1.360973
1.082623
0.7724915
0.8047676
0.7633457
0.6769238
0.6282959
0.9060192
0.4292831
0.6387482
0.8948669
1.029381
0.9614849
1.009701
0.6216011
0.4853649
1.188204
1.166813
0.7478981
0.3994408
0.7983646
0.5550346
0.3479443
0.9642601
0.724287
1.068789
0.4463177
1.267277
1.255022
0.8386192
0.7067013
0.7789726
1.336653
0.7107182
0.8707256
0.9863682
1.156834
1.003132
0.3273907
0.9651432
0.91325
0.5850983
0.8219204
0.2788963
1.354179
0.9367085
0.8251591
1.175112
1.29166
1.364716
0.9488659
1.603678
0.4987965
1.192268
1.334305
0.5825119
0.9355202
1.31291
1.285725
0.6957741
0.07956505
0.7297306
0.8567905
1.000832
0.4958439
1.077866
0.7066059
1.432451
1.391478
1.139105
1.240505
1.20116
0.9494553
1.286848
1.34197
1.210178
1.095728
0.2250748
1.355495
0.4189911
0.8452225
0.5248394
0.4460144
0.6750374
0.616333
1.501593
2.392075
0.9416046
1.099281
1.112066
0.509901
1.010939
0.9422245
1.00651
0.2120304
0.9699249
0.5668793
0.5358009
0.9850254
0.610548
0.6795216
0.2609425
0.9564972
1.024645
0.9624252
1.130331
0.9374657
1.193754
0.9359989
0.9725304
1.113735
0.1845722
1.186445
0.5241928
1.008995
1.180979
0.4674816
0.8736744
0.2566223
1.144144
1.465548
0.7827435
0.7651424
0.9803238
0.5280437
0.7732983
1.27483
0.4887142
2.035542
0.5806065
0.6187668
0.6817284
0.9733791
0.7217274
1.020235
1.013462
1.029339
0.4646664
0.5847702
0.7325897
0.8134747
1.044458
0.7866077
0.8031693
1.225199
1.381672
0.3680859
0.8664513
0.4905567
0.1956139
0.08522224
1.063402
0.9866409
0.4811993
0.5909882
0.7236748
0.5383739
1.35902
1.141127
0.9600983
0.6447697
0.6206608
0.8182716
0.8563576
